[-13440, 4510, -8326]
[-13434, 4538, -8312]
[-13416, 4536, -8288]
[-13618, 4532, -7780]
[-12698, 6182, 5500]
[-6948, 8094, 8762]
[894, 14240, 5552]
[9908, 8716, -12066]
[15328, 698, -10272]
[-8426, 3660, 10314]
[-5888, 14056, -5276]
[3554, 14120, 5788]
[-3230, 1484, 13858]
[-15014, -2270, -1470]
[-10486, 5166, -12892]
[-6434, 14098, -5378]
[1862, 12782, 7266]
[-9768, 3374, 9686]
[-7162, 4426, 10952]
[-6018, 4702, 11556]
[-6136, 4814, 11474]
[-6174, 4762, 11480]
[-8840, 3326, 9796]
[-4956, 456, 12904]
[-4900, 392, 12936]
[-4950, 438, 12902]
[-4948, 430, 12898]